      0/99     5.37G   0.06276   0.02445   0.04459    0.1318        20      1280   0.02432    0.1791  0.007677  0.002612   0.04587   0.02311   0.03861
      1/99     5.31G    0.0399   0.01586   0.04139   0.09715         4      1280   0.03389    0.3477   0.02482   0.01183   0.03997   0.01351   0.03815
      2/99     5.31G   0.03386   0.01259    0.0404   0.08684         2      1280   0.03922    0.4044    0.0387   0.02196   0.03941   0.01293   0.03768
      3/99     5.31G   0.02864   0.01054   0.03986   0.07905         1      1280     0.152    0.2127   0.04753   0.02909   0.03836   0.01109   0.03743
      4/99     5.31G    0.0238   0.01044   0.03927   0.07351         1      1280   0.08475     0.253    0.1032   0.07077   0.03824  0.009972   0.03693
      5/99     5.31G   0.02186  0.009699   0.03783   0.06939         1      1280    0.2054    0.2735    0.1847    0.1255   0.03848  0.009209   0.03573
      6/99     5.31G   0.02113  0.009605   0.03588   0.06661         1      1280    0.3817    0.2742    0.2689    0.1826   0.04041  0.008793   0.03429
      7/99     5.31G   0.02096  0.009042    0.0335    0.0635         1      1280    0.4751    0.3295    0.3502    0.2343   0.04121  0.008265   0.03238
      8/99     5.31G   0.02063  0.008971   0.03041   0.06002         1      1280    0.6202     0.376    0.4258    0.2864   0.04162  0.008239      0.03
      9/99     5.31G   0.02079  0.009147   0.02719   0.05712         0      1280    0.7595    0.4027    0.4813    0.3247    0.0422  0.008069   0.02746
     10/99     5.31G   0.02081  0.008683   0.02367   0.05316         2      1280    0.7626    0.4345    0.5271    0.3502   0.04225  0.007698   0.02539
     11/99     5.31G   0.02087  0.008436   0.02063   0.04994         1      1280    0.8577    0.4476    0.5677    0.3872   0.04309  0.007643   0.02361
     12/99     5.31G   0.02052  0.008281   0.01799    0.0468         2      1280     0.865    0.4886    0.6176    0.4189   0.04332  0.007689   0.02207
     13/99     5.31G   0.02035  0.007954   0.01592   0.04422         0      1280    0.8567     0.522    0.6519    0.4314   0.04295  0.007548   0.02104
     14/99     5.31G   0.02008  0.007973   0.01419   0.04225         1      1280    0.8514    0.5624    0.6854    0.4605   0.04079  0.007456   0.01997
     15/99     5.31G   0.01981  0.007776   0.01298   0.04057        28      1280    0.8497    0.5999    0.7193    0.4851   0.03995  0.007398   0.01913
     16/99     5.31G   0.01933  0.007674   0.01189   0.03889         0      1280    0.8528    0.6338    0.7406    0.4992   0.03993  0.007435   0.01853
     17/99     5.31G   0.01924  0.007582   0.01141   0.03824        25      1280    0.8564    0.6377    0.7502    0.5034   0.03993  0.007427   0.01794
     18/99     5.31G   0.01924  0.007521   0.01077   0.03753         2      1280    0.8721    0.6665    0.7698    0.5127   0.04001  0.007301   0.01756
     19/99     5.31G   0.01859  0.007273   0.01023   0.03609         0      1280    0.8713    0.6936    0.7853    0.5303   0.03896  0.007295   0.01697
     20/99     5.31G    0.0184  0.007075  0.009751   0.03523         2      1280    0.8493    0.7122    0.7898    0.5293   0.03873  0.007462   0.01642
     21/99     5.31G   0.01828  0.007338   0.00948   0.03509         1      1280    0.8918    0.7079    0.8016     0.541   0.03853  0.007282   0.01614
     22/99     5.31G   0.01802  0.007215  0.008978   0.03421         6      1280    0.8921    0.7253     0.812    0.5467   0.03842  0.007232   0.01578
     23/99     5.31G   0.01748  0.007032  0.008439   0.03295        28      1280    0.9121    0.7279    0.8232    0.5541    0.0388  0.007007   0.01586
     24/99     5.32G   0.01762  0.006995  0.008452   0.03307         0      1280    0.9059    0.7399    0.8284    0.5598   0.03894  0.006925    0.0154
     25/99     5.32G   0.01747  0.007018  0.008172   0.03266         1      1280     0.908    0.7385     0.831      0.56   0.03973  0.006868   0.01504
     26/99     5.32G   0.01707  0.006882  0.007735   0.03169         1      1280    0.9192    0.7514    0.8426    0.5718   0.03909   0.00689   0.01521
     27/99     5.32G   0.01699  0.006923  0.007693   0.03161         2      1280    0.8996    0.7613    0.8429    0.5707   0.03854  0.006916   0.01456
     28/99     5.32G   0.01689  0.006808   0.00746   0.03115         1      1280    0.9132    0.7645    0.8475    0.5756   0.03854  0.006676   0.01496
     29/99     5.32G   0.01666  0.006638  0.007225   0.03052         1      1280    0.9035     0.777    0.8516    0.5814   0.03854  0.006618   0.01457
     30/99     5.32G   0.01674   0.00666  0.007368   0.03077         2      1280     0.922    0.7677    0.8561    0.5828   0.03783  0.006652   0.01444
     31/99     5.32G    0.0166  0.006665  0.007236    0.0305         1      1280    0.9262    0.7771    0.8626     0.589   0.03789  0.006628   0.01445
     32/99     5.32G   0.01649  0.006634  0.007026   0.03015         1      1280    0.9152    0.7838     0.863    0.5915    0.0378  0.006597   0.01458
     33/99     5.32G   0.01624  0.006646  0.006764   0.02965         1      1280    0.9277     0.786    0.8683    0.5981   0.03735  0.006602   0.01424
     34/99     5.32G   0.01615  0.006652  0.006655   0.02945         1      1280    0.9141    0.7981    0.8702    0.5956   0.03765  0.006662   0.01397
     35/99     5.32G   0.01616  0.006552  0.006688    0.0294         0      1280    0.9191    0.7957    0.8725    0.6002   0.03733  0.006491   0.01411
     36/99     5.32G   0.01587  0.006391  0.006407   0.02867         1      1280    0.9235    0.7983    0.8724    0.6013   0.03671   0.00641   0.01374
     37/99     5.32G   0.01585  0.006502  0.006525   0.02888         5      1280    0.9213    0.8027    0.8751    0.6047   0.03545  0.006485   0.01346
     38/99     5.32G   0.01589  0.006454  0.006388   0.02873         2      1280    0.9198    0.8054    0.8777    0.6076   0.03605  0.006458   0.01335
     39/99     5.32G   0.01586  0.006606  0.006396   0.02886         0      1280    0.9202    0.8095    0.8808    0.6106   0.03558  0.006513   0.01326
     40/99     5.32G   0.01574  0.006507  0.006474   0.02872         3      1280    0.9229    0.8117    0.8825    0.6096   0.03533  0.006552   0.01306
     41/99     5.32G   0.01569  0.006532  0.006045   0.02827         1      1280    0.9206    0.8183    0.8872    0.6136   0.03529  0.006576   0.01311
     42/99     5.32G   0.01568  0.006393  0.006121   0.02819         1      1280    0.9325    0.8116    0.8881    0.6175   0.03479  0.006453   0.01288
     43/99     5.32G   0.01551  0.006477  0.006166   0.02815        12      1280     0.931    0.8134    0.8882    0.6177   0.03499   0.00649   0.01274
     44/99     5.32G   0.01537  0.006219   0.00583   0.02742         1      1280    0.9311    0.8166    0.8904     0.619   0.03525  0.006419   0.01282
     45/99     5.32G   0.01529  0.006277  0.005948   0.02751         4      1280    0.9425     0.811    0.8916     0.623   0.03565  0.006313   0.01276
     46/99     5.32G   0.01527  0.006493  0.005796   0.02756         1      1280      0.94    0.8124     0.892    0.6244   0.03613   0.00631   0.01277
     47/99     5.32G   0.01526  0.006263  0.005893   0.02741         5      1280    0.9229    0.8254    0.8944    0.6269   0.03555   0.00631   0.01269
     48/99     5.32G   0.01521  0.006282   0.00592   0.02741        14      1280    0.9364    0.8174    0.8952    0.6245   0.03565  0.006399   0.01245
     49/99     5.32G   0.01486  0.006043  0.005473   0.02638         0      1280    0.9267    0.8266    0.8977    0.6299   0.03522  0.006285   0.01226
     50/99     5.32G   0.01499  0.006262  0.005533   0.02678         2      1280    0.9377    0.8219    0.8981    0.6304   0.03534  0.006082    0.0122
     51/99     5.32G   0.01481  0.006132  0.005468   0.02641         1      1280    0.9381    0.8255    0.9008    0.6319   0.03495  0.006203   0.01215
     52/99     5.32G   0.01457  0.006291  0.005253   0.02612         1      1280    0.9378    0.8238    0.8999    0.6305   0.03532  0.006179   0.01214
     53/99     5.32G   0.01486   0.00639  0.005489   0.02673        32      1280    0.9353      0.83    0.9024    0.6358   0.03491  0.006287    0.0121
     54/99     5.32G   0.01465  0.006119  0.005358   0.02613         9      1280    0.9373    0.8292    0.9033    0.6358   0.03524  0.006329   0.01203
     55/99     5.32G   0.01432  0.006118  0.005408   0.02585        14      1280    0.9354    0.8298    0.9039    0.6364   0.03399  0.006337   0.01194
     56/99     5.32G   0.01447  0.006033  0.005319   0.02582         1      1280    0.9329    0.8349    0.9063    0.6406   0.03439  0.006173   0.01185
     57/99     5.32G   0.01439  0.005974  0.005247   0.02561        13      1280    0.9394    0.8299    0.9073    0.6418   0.03518  0.005959   0.01182
     58/99     5.32G   0.01451  0.006079  0.005262   0.02585         1      1280    0.9383    0.8331    0.9084    0.6423   0.03536  0.005907   0.01171
     59/99     5.32G   0.01437  0.006081  0.005158   0.02561         0      1280     0.941    0.8351    0.9089    0.6436    0.0352  0.005957   0.01164
     60/99     5.32G   0.01421  0.006175  0.005234   0.02562         2      1280    0.9371    0.8364    0.9102    0.6437   0.03499  0.005982   0.01161
     61/99     5.32G   0.01414  0.006041   0.00508   0.02527         5      1280    0.9343    0.8397     0.912     0.645   0.03537  0.005997   0.01159
     62/99     5.32G   0.01402  0.005992  0.005018   0.02503         1      1280    0.9383    0.8404    0.9123    0.6478   0.03495  0.006019   0.01151
     63/99     5.32G   0.01394  0.005917  0.004951   0.02481        28      1280    0.9366    0.8426    0.9122    0.6471   0.03527   0.00592   0.01154
     64/99     5.32G   0.01376  0.005919  0.005033   0.02472         1      1280    0.9362    0.8421    0.9138    0.6486   0.03489  0.005918   0.01154
     65/99     5.32G   0.01377  0.005935  0.005023   0.02473         1      1280    0.9343    0.8434    0.9137    0.6488   0.03488  0.005912   0.01156
     66/99     5.32G   0.01357   0.00594  0.004972   0.02449         0      1280    0.9404    0.8425    0.9148    0.6496   0.03469  0.005927    0.0115
     67/99     5.32G   0.01364  0.005969  0.004867   0.02448        58      1280     0.942    0.8404    0.9156    0.6509   0.03434  0.005975   0.01142
     68/99     5.32G   0.01365  0.005984  0.004928   0.02456         1      1280    0.9386    0.8467    0.9171    0.6524   0.03476  0.005933   0.01129
     69/99     5.32G   0.01378  0.005841  0.004773    0.0244         6      1280    0.9453    0.8419    0.9179    0.6547   0.03454  0.005959    0.0112
     70/99     5.32G    0.0134  0.005979  0.004691   0.02407         9      1280    0.9456    0.8431    0.9173    0.6555    0.0345  0.005925   0.01113
     71/99     5.32G   0.01349  0.005805   0.00474   0.02403         4      1280    0.9429    0.8453    0.9179    0.6549    0.0339  0.006114   0.01111
     72/99     5.32G   0.01318  0.005782  0.004586   0.02355         0      1280    0.9411    0.8474     0.919    0.6559   0.03399  0.006068   0.01107
     73/99     5.32G   0.01334  0.005864  0.004645   0.02385        27      1280    0.9462    0.8448    0.9191    0.6571   0.03409  0.006027   0.01102
     74/99     5.32G   0.01321  0.005702  0.004764   0.02368         1      1280    0.9547    0.8377    0.9201    0.6573   0.03391  0.006004   0.01101
     75/99     5.32G   0.01323  0.005794  0.004523   0.02355         4      1280    0.9411    0.8489    0.9194    0.6575   0.03457  0.005835   0.01098
     76/99     5.32G   0.01299  0.005675  0.004529    0.0232         1      1280    0.9541    0.8392    0.9199    0.6589   0.03467  0.005823   0.01095
     77/99     5.32G   0.01306   0.00568  0.004619   0.02336         3      1280    0.9511    0.8426    0.9197    0.6592   0.03453   0.00583   0.01089
     78/99     5.32G   0.01281  0.005686  0.004533   0.02302         1      1280    0.9467    0.8475    0.9209    0.6604    0.0345  0.005826   0.01083
     79/99     5.32G   0.01302     0.006   0.00466   0.02368         0      1280     0.944    0.8498    0.9218     0.661   0.03427  0.005901    0.0108
     80/99     5.32G   0.01295  0.005769  0.004666   0.02339         2      1280    0.9493    0.8467    0.9225    0.6625    0.0342  0.005918   0.01074
     81/99     5.32G   0.01305  0.005776  0.004486   0.02332         1      1280    0.9385    0.8556    0.9237    0.6624   0.03413  0.005895   0.01069
     82/99     5.32G   0.01278  0.005763  0.004364   0.02291         1      1280     0.947    0.8485    0.9239    0.6626   0.03405  0.005905   0.01065
     83/99     5.32G   0.01294  0.005792  0.004655   0.02339         0      1280    0.9406    0.8546    0.9241    0.6641   0.03378  0.006035   0.01063
     84/99     5.32G     0.013  0.005857  0.004506   0.02336         1      1280    0.9439    0.8529    0.9246    0.6648   0.03324  0.006185   0.01058
     85/99     5.32G   0.01252  0.005672  0.004214    0.0224        30      1280     0.941    0.8562    0.9248    0.6652   0.03313  0.006218   0.01047
     86/99     5.32G   0.01285   0.00605  0.004586   0.02349         1      1280    0.9396    0.8578    0.9253    0.6661   0.03309  0.006216   0.01042
     87/99     5.32G   0.01278  0.005778  0.004482   0.02304         3      1280    0.9479    0.8516    0.9254     0.666   0.03314  0.006248   0.01035
     88/99     5.32G   0.01275  0.005854  0.004615   0.02322         0      1280    0.9467    0.8521    0.9251     0.667   0.03303  0.006383   0.01027
     89/99     5.32G   0.01255  0.006049  0.004358   0.02296         1      1280    0.9475    0.8521    0.9254    0.6663   0.03309  0.006425   0.01022
     90/99     5.32G   0.01274   0.00592  0.004321   0.02298         1      1280     0.939    0.8594    0.9259    0.6663   0.03325  0.006418   0.01018
     91/99     5.32G   0.01283  0.005955  0.004425   0.02321         2      1280    0.9467    0.8533    0.9263    0.6672   0.03317   0.00628   0.01016
     92/99     5.32G   0.01267  0.005798  0.004329   0.02279         2      1280    0.9494    0.8525    0.9264    0.6678    0.0332  0.006155   0.01013
     93/99     5.32G   0.01253  0.005783    0.0042   0.02251         0      1280    0.9477    0.8547     0.927    0.6683    0.0332  0.006172   0.01008
     94/99     5.32G   0.01255  0.005885  0.004295   0.02273        28      1280    0.9464    0.8558    0.9275    0.6683   0.03312  0.006172      0.01
     95/99     5.32G   0.01255  0.005656  0.004232   0.02243         0      1280    0.9468    0.8558    0.9275    0.6691   0.03329  0.006117  0.009945
     96/99     5.32G   0.01251  0.005876  0.004446   0.02283         1      1280    0.9489    0.8545    0.9281    0.6698   0.03338  0.006093  0.009914
     97/99     5.32G    0.0126  0.005653  0.004379   0.02264         2      1280    0.9484    0.8553    0.9282    0.6701    0.0334  0.006043  0.009869
     98/99     5.32G   0.01241  0.005799  0.004288    0.0225         2      1280    0.9485    0.8553    0.9284    0.6703   0.03329  0.006049   0.00984
     99/99     5.32G   0.01224  0.005763   0.00404   0.02204        24      1280    0.9428    0.8612     0.929    0.6704   0.03326  0.005991  0.009818
